{
  "decoder_lss": [
    0.22770875791553408,
    0.04327404171868693,
    0.027163576848979572,
    0.040984408755321056,
    0.038413733512570616,
    0.036423468002467416,
    0.04350656173977768,
    0.05638646084902575,
    0.05443556035432266,
    0.05616242685850011,
    0.05556015383554041,
    0.05515461763920029,
    0.07317736276061623,
    0.07178749681566843,
    0.07396515730346437,
    0.07468355120436172,
    0.07323493006348145,
    0.07174315968877636,
    0.07100509417796275,
    0.06948063221148915,
    0.06745376452017808,
    0.06615683746349532,
    0.06413900591607671,
    0.06353077577776275,
    0.06395286414131987,
    0.06239537460554856,
    0.05677441003848799,
    0.05165111373353283,
    0.024292015916726088
  ],
  "decoder_lss_per_religion": {
    "Christian": [
      0.2277657962217927,
      0.04266494912095368,
      0.026772778308950366,
      0.03789288358064368,
      0.03583648997824639,
      0.03470290427096188,
      0.04019039853475988,
      0.044088568929582836,
      0.04280828552786261,
      0.04408445917535573,
      0.04399559120181948,
      0.04360184450866655,
      0.06395687042735516,
      0.0635299915377982,
      0.0658311015367508,
      0.06654276751447469,
      0.06589035994373262,
      0.06455467231106013,
      0.06404299633577466,
      0.06320122052449734,
      0.061841288111172614,
      0.06125939666293562,
      0.05954260624945164,
      0.05931594039313495,
      0.06035867056809366,
      0.05849667406640947,
      0.05414167700335384,
      0.04948526497930288,
      0.022481299466453494
    ],
    "Hindu": [
      0.1960913764126599,
      0.03727442674338818,
      0.023013990012696012,
      0.030665139527991415,
      0.028786990450462326,
      0.027640371264424174,
      0.03188828274956904,
      0.03766255833674222,
      0.036311462627490985,
      0.0345602120377589,
      0.03521126110746991,
      0.035348362592048946,
      0.05069864509336185,
      0.0504075659182854,
      0.05237837660301011,
      0.05314553887990769,
      0.05231329083442688,
      0.051603662851266566,
      0.051190722702303904,
      0.05048171188333072,
      0.04945667615509592,
      0.04957970458315685,
      0.04854066114174202,
      0.04922002765815705,
      0.05271176028298214,
      0.0512784430780448,
      0.04774827777873725,
      0.043770220584701744,
      0.019852625454077497
    ],
    "Muslim": [
      0.20053390625864267,
      0.033221953574102375,
      0.02040979648940265,
      0.02768451371928677,
      0.02638105786405504,
      0.02556666839402169,
      0.029028593376278878,
      0.029568483483744787,
      0.029177622741553933,
      0.031441059696953745,
      0.03206531074363738,
      0.032642719213617964,
      0.049504420538432896,
      0.04943296439712867,
      0.05157930979738012,
      0.05265918033896014,
      0.05189479280961677,
      0.0513894758047536,
      0.05132339163450524,
      0.05065560287097469,
      0.04997133943019435,
      0.050391704896464946,
      0.04945138239767402,
      0.05070349744521081,
      0.05244186356663704,
      0.05167926168069244,
      0.04849031277000904,
      0.04457243383862078,
      0.02008924397174269
    ],
    "Sikh": [
      0.28644395276904105,
      0.0599348374363035,
      0.03845774258486927,
      0.06769509819336235,
      0.06265039575751871,
      0.05778392808046192,
      0.07291897229850292,
      0.11422623264603317,
      0.10944487052038313,
      0.11456397652393208,
      0.11096845228923485,
      0.10902554424246773,
      0.12854951498331502,
      0.12377946540946141,
      0.12607184127671645,
      0.12638671808410437,
      0.1228412766661495,
      0.11942482778802514,
      0.11746326603926718,
      0.11358399356715382,
      0.10854575438424945,
      0.10339654371142387,
      0.09902137387543916,
      0.09488363761454821,
      0.09029916214756667,
      0.08812711959704757,
      0.07671737260185182,
      0.06877653553150594,
      0.034744894774630664
    ]
  },
  "decoder_lbs": [
    0.0008744195220060647,
    0.15134209394454956,
    0.20069168508052826,
    1.8298109769821167,
    1.8319936990737915,
    1.8330183029174805,
    4.470686435699463,
    60.786746978759766,
    70.93405151367188,
    176.83526611328125,
    181.7235107421875,
    193.63241577148438,
    359.564697265625,
    373.9483947753906,
    412.44500732421875,
    433.5667724609375,
    438.9201965332031,
    443.5381774902344,
    442.4482727050781,
    439.1739196777344,
    432.1739196777344,
    418.9687194824219,
    420.87030029296875,
    415.0760803222656,
    403.5924987792969,
    439.48223876953125,
    295.6665954589844,
    266.7046813964844,
    3.660748243331909
  ],
  "decoder_cka_intra": [
    [
      1.0,
      0.28117743134498596,
      0.30638033151626587,
      0.2935549020767212,
      0.32434675097465515,
      0.35558247566223145,
      0.3185758888721466,
      0.1421470195055008,
      0.15114614367485046,
      0.2727324962615967,
      0.26518288254737854,
      0.2741575241088867,
      0.2268785983324051,
      0.22384876012802124,
      0.2295989990234375,
      0.24459496140480042,
      0.2607627809047699,
      0.25675177574157715,
      0.24969886243343353,
      0.2715558111667633,
      0.27626898884773254,
      0.32505494356155396,
      0.363477885723114,
      0.4453595280647278,
      0.5999674797058105,
      0.6716593503952026,
      0.8909726142883301,
      0.9390273094177246,
      0.7651568651199341
    ],
    [
      0.28117743134498596,
      1.0,
      0.9882951378822327,
      0.9401726722717285,
      0.9298418164253235,
      0.9268795847892761,
      0.4674663841724396,
      0.043817345052957535,
      0.045091625303030014,
      0.08900170773267746,
      0.08625569194555283,
      0.08805865049362183,
      0.03993179649114609,
      0.03816497325897217,
      0.037976428866386414,
      0.040506910532712936,
      0.04332054778933525,
      0.0429365411400795,
      0.04245142638683319,
      0.04683928191661835,
      0.04862997308373451,
      0.06259490549564362,
      0.07591472566127777,
      0.09779452532529831,
      0.13785843551158905,
      0.165935218334198,
      0.23334293067455292,
      0.2633357346057892,
      0.2295157015323639
    ],
    [
      0.30638033151626587,
      0.9882951378822327,
      1.0,
      0.9367203116416931,
      0.9256830811500549,
      0.9228709936141968,
      0.46779975295066833,
      0.05131262168288231,
      0.053256139159202576,
      0.10294919461011887,
      0.10015035420656204,
      0.10243605822324753,
      0.05949145182967186,
      0.05788532644510269,
      0.05859241262078285,
      0.06193362921476364,
      0.06551775336265564,
      0.06492715328931808,
      0.06399356573820114,
      0.06903500854969025,
      0.07092080265283585,
      0.08568046241998672,
      0.09910572320222855,
      0.12300459295511246,
      0.1664767861366272,
      0.19367177784442902,
      0.2621467411518097,
      0.2883383333683014,
      0.2552770972251892
    ],
    [
      0.2935549020767212,
      0.9401726722717285,
      0.9367203116416931,
      1.0,
      0.9982671737670898,
      0.9942104816436768,
      0.5515685081481934,
      0.07069450616836548,
      0.07329977303743362,
      0.14345194399356842,
      0.1404140144586563,
      0.14313006401062012,
      0.0695682093501091,
      0.06607375293970108,
      0.06355652958154678,
      0.06588467210531235,
      0.06896822899580002,
      0.06751856952905655,
      0.0654948353767395,
      0.07046167552471161,
      0.07101311534643173,
      0.08657867461442947,
      0.09749254584312439,
      0.11883153766393661,
      0.1591738909482956,
      0.18436990678310394,
      0.23014336824417114,
      0.2592557668685913,
      0.26890042424201965
    ],
    [
      0.32434675097465515,
      0.9298418164253235,
      0.9256830811500549,
      0.9982671737670898,
      1.0,
      0.9978538751602173,
      0.5694665908813477,
      0.08207462728023529,
      0.08516363799571991,
      0.16245126724243164,
      0.1591562181711197,
      0.1622752696275711,
      0.08399927616119385,
      0.08015351742506027,
      0.07747644186019897,
      0.08022085577249527,
      0.0838085263967514,
      0.08210497349500656,
      0.07960230112075806,
      0.08529572188854218,
      0.0857623890042305,
      0.1028846725821495,
      0.11446288228034973,
      0.13800954818725586,
      0.18275941908359528,
      0.20937694609165192,
      0.25704362988471985,
      0.2866312563419342,
      0.29641133546829224
    ],
    [
      0.35558247566223145,
      0.9268795847892761,
      0.9228709936141968,
      0.9942104816436768,
      0.9978538751602173,
      1.0,
      0.6025220155715942,
      0.10891694575548172,
      0.1123509407043457,
      0.1951567381620407,
      0.19153518974781036,
      0.1948574334383011,
      0.10872849822044373,
      0.10429821908473969,
      0.10092177242040634,
      0.1038588285446167,
      0.10781297087669373,
      0.10579043626785278,
      0.10280664265155792,
      0.10920917242765427,
      0.10958216339349747,
      0.12829136848449707,
      0.14054802060127258,
      0.16610856354236603,
      0.2148289829492569,
      0.24238479137420654,
      0.2881268560886383,
      0.3161192834377289,
      0.32023152709007263
    ],
    [
      0.3185758888721466,
      0.4674663841724396,
      0.46779975295066833,
      0.5515685081481934,
      0.5694665908813477,
      0.6025220155715942,
      1.0,
      0.760511577129364,
      0.7637378573417664,
      0.8232861757278442,
      0.8212015628814697,
      0.8206685781478882,
      0.6390436291694641,
      0.624502420425415,
      0.5986390709877014,
      0.5913290977478027,
      0.5892954468727112,
      0.5849573016166687,
      0.5785883665084839,
      0.5822633504867554,
      0.5785538554191589,
      0.5921797752380371,
      0.5938411951065063,
      0.5970962643623352,
      0.5972698926925659,
      0.5826193690299988,
      0.3704327940940857,
      0.2889167070388794,
      0.27008500695228577
    ],
    [
      0.1421470195055008,
      0.043817345052957535,
      0.05131262168288231,
      0.07069450616836548,
      0.08207462728023529,
      0.10891694575548172,
      0.760511577129364,
      1.0,
      0.9996561408042908,
      0.9524267315864563,
      0.9549314379692078,
      0.949806809425354,
      0.8332775235176086,
      0.8198798298835754,
      0.7886579036712646,
      0.7735462784767151,
      0.7647085785865784,
      0.7639092803001404,
      0.7624794840812683,
      0.7584325671195984,
      0.7565169930458069,
      0.7550505995750427,
      0.7539741396903992,
      0.7331357598304749,
      0.6742616295814514,
      0.6307494044303894,
      0.2991163730621338,
      0.14913253486156464,
      0.11877960711717606
    ],
    [
      0.15114614367485046,
      0.045091625303030014,
      0.053256139159202576,
      0.07329977303743362,
      0.08516363799571991,
      0.1123509407043457,
      0.7637378573417664,
      0.9996561408042908,
      1.0,
      0.9590295553207397,
      0.9614005088806152,
      0.9566856622695923,
      0.8420189619064331,
      0.8286489248275757,
      0.7978318333625793,
      0.7830768823623657,
      0.7745691537857056,
      0.773636519908905,
      0.7719484567642212,
      0.7681702971458435,
      0.7661829590797424,
      0.7649948596954346,
      0.7637026906013489,
      0.7434406280517578,
      0.6857340335845947,
      0.6416818499565125,
      0.3085692822933197,
      0.15732437372207642,
      0.12595947086811066
    ],
    [
      0.2727324962615967,
      0.08900170773267746,
      0.10294919461011887,
      0.14345194399356842,
      0.16245126724243164,
      0.1951567381620407,
      0.8232861757278442,
      0.9524267315864563,
      0.9590295553207397,
      1.0,
      0.9998498558998108,
      0.9996443390846252,
      0.8812432289123535,
      0.8675207495689392,
      0.841235876083374,
      0.8318594694137573,
      0.8283314108848572,
      0.824718713760376,
      0.8189467787742615,
      0.8200191259384155,
      0.8165568113327026,
      0.8216056227684021,
      0.8183299899101257,
      0.8085967898368835,
      0.776930570602417,
      0.7319089770317078,
      0.4092600345611572,
      0.25997525453567505,
      0.22233711183071136
    ],
    [
      0.26518288254737854,
      0.08625569194555283,
      0.10015035420656204,
      0.1404140144586563,
      0.1591562181711197,
      0.19153518974781036,
      0.8212015628814697,
      0.9549314379692078,
      0.9614005088806152,
      0.9998498558998108,
      1.0,
      0.9996528029441833,
      0.8829227089881897,
      0.8692896962165833,
      0.8428342342376709,
      0.8331210613250732,
      0.8292616605758667,
      0.8258931636810303,
      0.8204260468482971,
      0.8210906386375427,
      0.8177302479743958,
      0.8222991228103638,
      0.8190684914588928,
      0.8085489869117737,
      0.7746074199676514,
      0.7294347882270813,
      0.403835654258728,
      0.2537986636161804,
      0.21754372119903564
    ],
    [
      0.2741575241088867,
      0.08805865049362183,
      0.10243605822324753,
      0.14313006401062012,
      0.1622752696275711,
      0.1948574334383011,
      0.8206685781478882,
      0.949806809425354,
      0.9566856622695923,
      0.9996443390846252,
      0.9996528029441833,
      1.0,
      0.8905407190322876,
      0.877271294593811,
      0.8517762422561646,
      0.8426483273506165,
      0.8391646146774292,
      0.8357195258140564,
      0.8301110863685608,
      0.8310748934745789,
      0.8277077674865723,
      0.8325216174125671,
      0.8291544318199158,
      0.8192646503448486,
      0.7863779067993164,
      0.7410266399383545,
      0.4150443971157074,
      0.26263293623924255,
      0.22578616440296173
    ],
    [
      0.2268785983324051,
      0.03993179649114609,
      0.05949145182967186,
      0.0695682093501091,
      0.08399927616119385,
      0.10872849822044373,
      0.6390436291694641,
      0.8332775235176086,
      0.8420189619064331,
      0.8812432289123535,
      0.8829227089881897,
      0.8905407190322876,
      1.0,
      0.9995128512382507,
      0.9962095022201538,
      0.9935308694839478,
      0.9913239479064941,
      0.991433322429657,
      0.9908896088600159,
      0.9895467758178711,
      0.9886190891265869,
      0.9853043556213379,
      0.9789289832115173,
      0.9599722027778625,
      0.8954795598983765,
      0.8378921747207642,
      0.47245508432388306,
      0.2539365291595459,
      0.20439842343330383
    ],
    [
      0.22384876012802124,
      0.03816497325897217,
      0.05788532644510269,
      0.06607375293970108,
      0.08015351742506027,
      0.10429821908473969,
      0.624502420425415,
      0.8198798298835754,
      0.8286489248275757,
      0.8675207495689392,
      0.8692896962165833,
      0.877271294593811,
      0.9995128512382507,
      1.0,
      0.9982401132583618,
      0.9960468411445618,
      0.9939572811126709,
      0.994292140007019,
      0.994148313999176,
      0.992672860622406,
      0.9919642210006714,
      0.9882395267486572,
      0.9817872643470764,
      0.962611734867096,
      0.8967297673225403,
      0.8390916585922241,
      0.4745669364929199,
      0.25356489419937134,
      0.2030571699142456
    ],
    [
      0.2295989990234375,
      0.037976428866386414,
      0.05859241262078285,
      0.06355652958154678,
      0.07747644186019897,
      0.10092177242040634,
      0.5986390709877014,
      0.7886579036712646,
      0.7978318333625793,
      0.841235876083374,
      0.8428342342376709,
      0.8517762422561646,
      0.9962095022201538,
      0.9982401132583618,
      1.0,
      0.9993709325790405,
      0.9980935454368591,
      0.9985505938529968,
      0.9984933137893677,
      0.9974766373634338,
      0.9968816041946411,
      0.9930127859115601,
      0.9861594438552856,
      0.9677849411964417,
      0.9029319286346436,
      0.8452194929122925,
      0.48692306876182556,
      0.26237717270851135,
      0.20882883667945862
    ],
    [
      0.24459496140480042,
      0.040506910532712936,
      0.06193362921476364,
      0.06588467210531235,
      0.08022085577249527,
      0.1038588285446167,
      0.5913290977478027,
      0.7735462784767151,
      0.7830768823623657,
      0.8318594694137573,
      0.8331210613250732,
      0.8426483273506165,
      0.9935308694839478,
      0.9960468411445618,
      0.9993709325790405,
      1.0,
      0.9995576739311218,
      0.9996995329856873,
      0.9992752075195312,
      0.9990484714508057,
      0.9984049201011658,
      0.9951380491256714,
      0.9881518483161926,
      0.971450924873352,
      0.9104875326156616,
      0.8529683351516724,
      0.5016061067581177,
      0.27668142318725586,
      0.2201962023973465
    ],
    [
      0.2607627809047699,
      0.04332054778933525,
      0.06551775336265564,
      0.06896822899580002,
      0.0838085263967514,
      0.10781297087669373,
      0.5892954468727112,
      0.7647085785865784,
      0.7745691537857056,
      0.8283314108848572,
      0.8292616605758667,
      0.8391646146774292,
      0.9913239479064941,
      0.9939572811126709,
      0.9980935454368591,
      0.9995576739311218,
      1.0,
      0.9997217059135437,
      0.998828113079071,
      0.9994081258773804,
      0.9986772537231445,
      0.9961954355239868,
      0.9891517162322998,
      0.9741564989089966,
      0.9173853397369385,
      0.8600360155105591,
      0.5149309039115906,
      0.2908618748188019,
      0.23119348287582397
    ],
    [
      0.25675177574157715,
      0.0429365411400795,
      0.06492715328931808,
      0.06751856952905655,
      0.08210497349500656,
      0.10579043626785278,
      0.5849573016166687,
      0.7639092803001404,
      0.773636519908905,
      0.824718713760376,
      0.8258931636810303,
      0.8357195258140564,
      0.991433322429657,
      0.994292140007019,
      0.9985505938529968,
      0.9996995329856873,
      0.9997217059135437,
      1.0,
      0.999489426612854,
      0.999565601348877,
      0.9990307688713074,
      0.9962748289108276,
      0.9896863698959351,
      0.9742110371589661,
      0.9154550433158875,
      0.8590641021728516,
      0.5133272409439087,
      0.28930550813674927,
      0.22981056571006775
    ],
    [
      0.24969886243343353,
      0.04245142638683319,
      0.06399356573820114,
      0.0654948353767395,
      0.07960230112075806,
      0.10280664265155792,
      0.5785883665084839,
      0.7624794840812683,
      0.7719484567642212,
      0.8189467787742615,
      0.8204260468482971,
      0.8301110863685608,
      0.9908896088600159,
      0.994148313999176,
      0.9984933137893677,
      0.9992752075195312,
      0.998828113079071,
      0.999489426612854,
      1.0,
      0.9993642568588257,
      0.999280571937561,
      0.99610835313797,
      0.9902110695838928,
      0.9739899039268494,
      0.9121981263160706,
      0.8566805124282837,
      0.5099501013755798,
      0.2856084704399109,
      0.2259736955165863
    ],
    [
      0.2715558111667633,
      0.04683928191661835,
      0.06903500854969025,
      0.07046167552471161,
      0.08529572188854218,
      0.10920917242765427,
      0.5822633504867554,
      0.7584325671195984,
      0.7681702971458435,
      0.8200191259384155,
      0.8210906386375427,
      0.8310748934745789,
      0.9895467758178711,
      0.992672860622406,
      0.9974766373634338,
      0.9990484714508057,
      0.9994081258773804,
      0.999565601348877,
      0.9993642568588257,
      1.0,
      0.9996457695960999,
      0.9976837635040283,
      0.9920449256896973,
      0.9779970049858093,
      0.9217150211334229,
      0.8669177293777466,
      0.5277509093284607,
      0.3047894239425659,
      0.2412501722574234
    ],
    [
      0.27626898884773254,
      0.04862997308373451,
      0.07092080265283585,
      0.07101311534643173,
      0.0857623890042305,
      0.10958216339349747,
      0.5785538554191589,
      0.7565169930458069,
      0.7661829590797424,
      0.8165568113327026,
      0.8177302479743958,
      0.8277077674865723,
      0.9886190891265869,
      0.9919642210006714,
      0.9968816041946411,
      0.9984049201011658,
      0.9986772537231445,
      0.9990307688713074,
      0.999280571937561,
      0.9996457695960999,
      1.0,
      0.9981843829154968,
      0.9933370351791382,
      0.9799661040306091,
      0.9237142205238342,
      0.8700631260871887,
      0.5337770581245422,
      0.31158241629600525,
      0.24553167819976807
    ],
    [
      0.32505494356155396,
      0.06259490549564362,
      0.08568046241998672,
      0.08657867461442947,
      0.1028846725821495,
      0.12829136848449707,
      0.5921797752380371,
      0.7550505995750427,
      0.7649948596954346,
      0.8216056227684021,
      0.8222991228103638,
      0.8325216174125671,
      0.9853043556213379,
      0.9882395267486572,
      0.9930127859115601,
      0.9951380491256714,
      0.9961954355239868,
      0.9962748289108276,
      0.99610835313797,
      0.9976837635040283,
      0.9981843829154968,
      1.0,
      0.9975082874298096,
      0.9887062907218933,
      0.9423381090164185,
      0.894072413444519,
      0.5744220614433289,
      0.35858267545700073,
      0.2832432985305786
    ],
    [
      0.363477885723114,
      0.07591472566127777,
      0.09910572320222855,
      0.09749254584312439,
      0.11446288228034973,
      0.14054802060127258,
      0.5938411951065063,
      0.7539741396903992,
      0.7637026906013489,
      0.8183299899101257,
      0.8190684914588928,
      0.8291544318199158,
      0.9789289832115173,
      0.9817872643470764,
      0.9861594438552856,
      0.9881518483161926,
      0.9891517162322998,
      0.9896863698959351,
      0.9902110695838928,
      0.9920449256896973,
      0.9933370351791382,
      0.9975082874298096,
      1.0,
      0.9947004318237305,
      0.9537391066551208,
      0.9135102033615112,
      0.611441433429718,
      0.4023403823375702,
      0.31914252042770386
    ],
    [
      0.4453595280647278,
      0.09779452532529831,
      0.12300459295511246,
      0.11883153766393661,
      0.13800954818725586,
      0.16610856354236603,
      0.5970962643623352,
      0.7331357598304749,
      0.7434406280517578,
      0.8085967898368835,
      0.8085489869117737,
      0.8192646503448486,
      0.9599722027778625,
      0.962611734867096,
      0.9677849411964417,
      0.971450924873352,
      0.9741564989089966,
      0.9742110371589661,
      0.9739899039268494,
      0.9779970049858093,
      0.9799661040306091,
      0.9887062907218933,
      0.9947004318237305,
      1.0,
      0.9777822494506836,
      0.9477549195289612,
      0.6834579706192017,
      0.4867933392524719,
      0.3905297517776489
    ],
    [
      0.5999674797058105,
      0.13785843551158905,
      0.1664767861366272,
      0.1591738909482956,
      0.18275941908359528,
      0.2148289829492569,
      0.5972698926925659,
      0.6742616295814514,
      0.6857340335845947,
      0.776930570602417,
      0.7746074199676514,
      0.7863779067993164,
      0.8954795598983765,
      0.8967297673225403,
      0.9029319286346436,
      0.9104875326156616,
      0.9173853397369385,
      0.9154550433158875,
      0.9121981263160706,
      0.9217150211334229,
      0.9237142205238342,
      0.9423381090164185,
      0.9537391066551208,
      0.9777822494506836,
      1.0,
      0.9876542091369629,
      0.8044027090072632,
      0.6377331614494324,
      0.5148915648460388
    ],
    [
      0.6716593503952026,
      0.165935218334198,
      0.19367177784442902,
      0.18436990678310394,
      0.20937694609165192,
      0.24238479137420654,
      0.5826193690299988,
      0.6307494044303894,
      0.6416818499565125,
      0.7319089770317078,
      0.7294347882270813,
      0.7410266399383545,
      0.8378921747207642,
      0.8390916585922241,
      0.8452194929122925,
      0.8529683351516724,
      0.8600360155105591,
      0.8590641021728516,
      0.8566805124282837,
      0.8669177293777466,
      0.8700631260871887,
      0.894072413444519,
      0.9135102033615112,
      0.9477549195289612,
      0.9876542091369629,
      1.0,
      0.8724039793014526,
      0.7293675541877747,
      0.5981889367103577
    ],
    [
      0.8909726142883301,
      0.23334293067455292,
      0.2621467411518097,
      0.23014336824417114,
      0.25704362988471985,
      0.2881268560886383,
      0.3704327940940857,
      0.2991163730621338,
      0.3085692822933197,
      0.4092600345611572,
      0.403835654258728,
      0.4150443971157074,
      0.47245508432388306,
      0.4745669364929199,
      0.48692306876182556,
      0.5016061067581177,
      0.5149309039115906,
      0.5133272409439087,
      0.5099501013755798,
      0.5277509093284607,
      0.5337770581245422,
      0.5744220614433289,
      0.611441433429718,
      0.6834579706192017,
      0.8044027090072632,
      0.8724039793014526,
      1.0,
      0.9630647301673889,
      0.7878605127334595
    ],
    [
      0.9390273094177246,
      0.2633357346057892,
      0.2883383333683014,
      0.2592557668685913,
      0.2866312563419342,
      0.3161192834377289,
      0.2889167070388794,
      0.14913253486156464,
      0.15732437372207642,
      0.25997525453567505,
      0.2537986636161804,
      0.26263293623924255,
      0.2539365291595459,
      0.25356489419937134,
      0.26237717270851135,
      0.27668142318725586,
      0.2908618748188019,
      0.28930550813674927,
      0.2856084704399109,
      0.3047894239425659,
      0.31158241629600525,
      0.35858267545700073,
      0.4023403823375702,
      0.4867933392524719,
      0.6377331614494324,
      0.7293675541877747,
      0.9630647301673889,
      1.0,
      0.8239613771438599
    ],
    [
      0.7651568651199341,
      0.2295157015323639,
      0.2552770972251892,
      0.26890042424201965,
      0.29641133546829224,
      0.32023152709007263,
      0.27008500695228577,
      0.11877960711717606,
      0.12595947086811066,
      0.22233711183071136,
      0.21754372119903564,
      0.22578616440296173,
      0.20439842343330383,
      0.2030571699142456,
      0.20882883667945862,
      0.2201962023973465,
      0.23119348287582397,
      0.22981056571006775,
      0.2259736955165863,
      0.2412501722574234,
      0.24553167819976807,
      0.2832432985305786,
      0.31914252042770386,
      0.3905297517776489,
      0.5148915648460388,
      0.5981889367103577,
      0.7878605127334595,
      0.8239613771438599,
      1.0
    ]
  ],
  "decoder_lss_p_values": [
    0.999,
    0.885,
    0.934,
    0.968,
    0.972,
    0.976,
    0.994,
    0.931,
    0.947,
    0.997,
    0.997,
    0.997,
    0.997,
    0.998,
    0.998,
    0.998,
    0.998,
    0.998,
    0.999,
    0.999,
    1.0,
    1.0,
    1.0,
    1.0,
    1.0,
    1.0,
    1.0,
    1.0,
    0.999
  ],
  "decoder_significant_layers": [],
  "decoder_bonferroni_alpha": 0.001724137931034483
}