{
  "decoder_lss": [
    0.44572194747626775,
    0.30052430943935177,
    0.20466005744819993,
    0.172421500349883,
    0.19349689409486018,
    0.2369864223053446,
    0.19977676978858655,
    0.061810445553055614,
    0.05753770066941798,
    0.05426234510159702,
    0.05221332800676464,
    0.04907692076987587,
    0.04763026598957368,
    0.046190462827362354,
    0.04327676475601038,
    0.04251948564342455,
    0.04204432390004512,
    0.04046248266095062,
    0.04138139113376383,
    0.04148400725418469,
    0.03830110005801544,
    0.035334347828757016,
    0.03403395455155987,
    0.034342893004068176,
    0.11876309402636251
  ],
  "decoder_lss_per_religion": {
    "Christian": [
      0.4251480793952942,
      0.2877277818741277,
      0.19473468962125481,
      0.16346653540618716,
      0.18199023649329318,
      0.21789507487090304,
      0.18010848185396752,
      0.05593152428045869,
      0.05197465879551601,
      0.04922436889843084,
      0.04746163896517828,
      0.044592246609390714,
      0.043278708168072624,
      0.04204537657788023,
      0.039451972433598714,
      0.03889819604577496,
      0.03881094357348047,
      0.037509204362286254,
      0.0386157656298019,
      0.03896216044551693,
      0.03621037870179862,
      0.03349930162541568,
      0.032712800638983026,
      0.03333359024603851,
      0.1138541953312233
    ],
    "Hindu": [
      0.45126183569431305,
      0.3073938688728958,
      0.2098819250660017,
      0.17654011416481807,
      0.19747192128095775,
      0.24331142254639418,
      0.20593801527051256,
      0.05961573478765786,
      0.055713891223422254,
      0.05258266660501249,
      0.05056954488682095,
      0.04750800897716544,
      0.046207705789711326,
      0.04481991736509371,
      0.04199636532808654,
      0.041365173007943665,
      0.041003134401980786,
      0.03964196061249822,
      0.04059704193030484,
      0.04067054322338663,
      0.037643120968714354,
      0.034798343887086955,
      0.03349864843534306,
      0.0340718407498207,
      0.11913955349009483
    ],
    "Muslim": [
      0.4813473582267761,
      0.3175772175844759,
      0.21657510100631044,
      0.1834124992159195,
      0.2092939056060277,
      0.2636864579888061,
      0.22510079049388879,
      0.06748410024825717,
      0.06275843960786005,
      0.05909369780274574,
      0.056861579223768784,
      0.053474867545883174,
      0.05185708888224326,
      0.05023936619865708,
      0.04711603063740768,
      0.04609411671350244,
      0.04530147645331453,
      0.04342079367605038,
      0.044204848260851574,
      0.04419027461553924,
      0.040203846783842895,
      0.037053746625315395,
      0.03546175277675502,
      0.0353134872415103,
      0.12203817332629115
    ],
    "Sikh": [
      0.4251305165886879,
      0.28939836942590774,
      0.19744851409923286,
      0.16626685261260718,
      0.18523151299916207,
      0.22305273381527513,
      0.18795979153597728,
      0.06421042289584875,
      0.05970381305087358,
      0.05614864710019901,
      0.05396054895129055,
      0.050732559947064146,
      0.049177561118267474,
      0.047657191167818386,
      0.04454269062494859,
      0.04372045680647716,
      0.04306174117140472,
      0.04127797199296765,
      0.042107908714096996,
      0.04211305073229596,
      0.03914705377770588,
      0.035985999177210036,
      0.03446261635515839,
      0.034652653778903184,
      0.1200204539578408
    ]
  },
  "decoder_lbs": [
    1782.9183349609375,
    1678.2445068359375,
    1624.399169921875,
    1586.989013671875,
    2305.870849609375,
    7684.72705078125,
    16331.8486328125,
    115654.8125,
    110045.359375,
    110105.7578125,
    109697.78125,
    110304.84375,
    109943.2109375,
    110059.171875,
    110189.609375,
    109843.109375,
    112115.8125,
    117037.921875,
    124029.0703125,
    147648.453125,
    150378.421875,
    157496.203125,
    155045.5625,
    169816.78125,
    2.6347057819366455
  ],
  "decoder_cka_intra": [
    [
      1.0,
      0.9985893964767456,
      0.9888949394226074,
      0.9631807804107666,
      0.8578081130981445,
      0.7211050391197205,
      0.6853508949279785,
      0.5829033851623535,
      0.5943228006362915,
      0.6059255599975586,
      0.6098819971084595,
      0.6048233509063721,
      0.6134446263313293,
      0.6190077662467957,
      0.6215983629226685,
      0.6337085962295532,
      0.6440913677215576,
      0.6658802032470703,
      0.6907693147659302,
      0.7151877880096436,
      0.7487145066261292,
      0.771543562412262,
      0.7834370732307434,
      0.7472478151321411,
      0.5797199606895447
    ],
    [
      0.9985893964767456,
      1.0,
      0.9909179210662842,
      0.964900553226471,
      0.8587533831596375,
      0.7232955694198608,
      0.6870574355125427,
      0.5786923170089722,
      0.5905300974845886,
      0.6023036241531372,
      0.6064150929450989,
      0.6009019613265991,
      0.6097462177276611,
      0.6153445243835449,
      0.6174246668815613,
      0.6296488642692566,
      0.6397579312324524,
      0.6621506214141846,
      0.6874493360519409,
      0.7152624726295471,
      0.7496532797813416,
      0.7725293636322021,
      0.7780471444129944,
      0.7368059158325195,
      0.5769069194793701
    ],
    [
      0.9888949394226074,
      0.9909179210662842,
      1.0,
      0.9901959300041199,
      0.9157093167304993,
      0.797642171382904,
      0.7655850052833557,
      0.6300936341285706,
      0.644050657749176,
      0.6555989384651184,
      0.6612944006919861,
      0.6550400853157043,
      0.6651142835617065,
      0.6716377139091492,
      0.6735151410102844,
      0.6856112480163574,
      0.6931692957878113,
      0.7122772336006165,
      0.7312832474708557,
      0.7599087953567505,
      0.7893645167350769,
      0.8129519820213318,
      0.8007165789604187,
      0.7293235659599304,
      0.5740503668785095
    ],
    [
      0.9631807804107666,
      0.964900553226471,
      0.9901959300041199,
      1.0,
      0.9608687162399292,
      0.8697624206542969,
      0.8448616862297058,
      0.6976185441017151,
      0.7131218314170837,
      0.7239115834236145,
      0.7308001518249512,
      0.7242582440376282,
      0.7348148822784424,
      0.7420440912246704,
      0.7436382174491882,
      0.7548031806945801,
      0.7599011659622192,
      0.7749041318893433,
      0.7874859571456909,
      0.8120148777961731,
      0.8332281112670898,
      0.8506166934967041,
      0.8187618255615234,
      0.7222900390625,
      0.575590193271637
    ],
    [
      0.8578081130981445,
      0.8587533831596375,
      0.9157093167304993,
      0.9608687162399292,
      1.0,
      0.9668118357658386,
      0.952339768409729,
      0.7623176574707031,
      0.7815470695495605,
      0.7909661531448364,
      0.800536572933197,
      0.7937068343162537,
      0.8051282167434692,
      0.8140779733657837,
      0.8150113821029663,
      0.8244041204452515,
      0.8238271474838257,
      0.8307963609695435,
      0.8295844197273254,
      0.8472360372543335,
      0.852719783782959,
      0.8650105595588684,
      0.8009824156761169,
      0.6597908735275269,
      0.5369729399681091
    ],
    [
      0.7211050391197205,
      0.7232955694198608,
      0.797642171382904,
      0.8697624206542969,
      0.9668118357658386,
      1.0,
      0.9954197406768799,
      0.8023343086242676,
      0.8229520320892334,
      0.8301867246627808,
      0.84059077501297,
      0.8343963027000427,
      0.8446370959281921,
      0.8542312979698181,
      0.8536493182182312,
      0.860081672668457,
      0.8549651503562927,
      0.8561931252479553,
      0.8461543917655945,
      0.8535177111625671,
      0.8408626317977905,
      0.8359249234199524,
      0.7380796074867249,
      0.573794424533844,
      0.5070090889930725
    ],
    [
      0.6853508949279785,
      0.6870574355125427,
      0.7655850052833557,
      0.8448616862297058,
      0.952339768409729,
      0.9954197406768799,
      1.0,
      0.8284843564033508,
      0.8480321764945984,
      0.8542914390563965,
      0.8644693493843079,
      0.8587398529052734,
      0.868453323841095,
      0.87769615650177,
      0.8773872256278992,
      0.8826853036880493,
      0.8771491050720215,
      0.8758494853973389,
      0.8635525703430176,
      0.8698557615280151,
      0.8530569076538086,
      0.8418241143226624,
      0.7361470460891724,
      0.5650508403778076,
      0.5086270570755005
    ],
    [
      0.5829033851623535,
      0.5786923170089722,
      0.6300936341285706,
      0.6976185441017151,
      0.7623176574707031,
      0.8023343086242676,
      0.8284843564033508,
      1.0,
      0.9992502927780151,
      0.9984174370765686,
      0.9972184300422668,
      0.9977965950965881,
      0.9966456294059753,
      0.9947315454483032,
      0.9939911365509033,
      0.9926002621650696,
      0.9916260242462158,
      0.986998975276947,
      0.9773039817810059,
      0.9569658041000366,
      0.9359239339828491,
      0.8858646750450134,
      0.7986223697662354,
      0.6715976595878601,
      0.7238779664039612
    ],
    [
      0.5943228006362915,
      0.5905300974845886,
      0.644050657749176,
      0.7131218314170837,
      0.7815470695495605,
      0.8229520320892334,
      0.8480321764945984,
      0.9992502927780151,
      1.0,
      0.9996686577796936,
      0.9991466999053955,
      0.9993534684181213,
      0.9988289475440979,
      0.997625470161438,
      0.9968034029006958,
      0.9957875609397888,
      0.9944672584533691,
      0.9900020360946655,
      0.9801218509674072,
      0.9610888957977295,
      0.9400991201400757,
      0.8919760584831238,
      0.8024753332138062,
      0.6713874340057373,
      0.7159027457237244
    ],
    [
      0.6059255599975586,
      0.6023036241531372,
      0.6555989384651184,
      0.7239115834236145,
      0.7909661531448364,
      0.8301867246627808,
      0.8542914390563965,
      0.9984174370765686,
      0.9996686577796936,
      1.0,
      0.9995928406715393,
      0.9995901584625244,
      0.9991028904914856,
      0.9980471134185791,
      0.9970727562904358,
      0.9963611364364624,
      0.9952248334884644,
      0.9914538860321045,
      0.9822602272033691,
      0.9639952182769775,
      0.943962574005127,
      0.8976970314979553,
      0.8097346425056458,
      0.6793322563171387,
      0.7200714349746704
    ],
    [
      0.6098819971084595,
      0.6064150929450989,
      0.6612944006919861,
      0.7308001518249512,
      0.800536572933197,
      0.84059077501297,
      0.8644693493843079,
      0.9972184300422668,
      0.9991466999053955,
      0.9995928406715393,
      1.0,
      0.9997423887252808,
      0.9996963739395142,
      0.9991229772567749,
      0.9983362555503845,
      0.9978062510490417,
      0.9962730407714844,
      0.9921489357948303,
      0.9821914434432983,
      0.9652906656265259,
      0.9452797770500183,
      0.8999562859535217,
      0.8094252347946167,
      0.6753993630409241,
      0.7143077850341797
    ],
    [
      0.6048233509063721,
      0.6009019613265991,
      0.6550400853157043,
      0.7242582440376282,
      0.7937068343162537,
      0.8343963027000427,
      0.8587398529052734,
      0.9977965950965881,
      0.9993534684181213,
      0.9995901584625244,
      0.9997423887252808,
      1.0,
      0.9995920062065125,
      0.9989215731620789,
      0.9983280301094055,
      0.9975313544273376,
      0.9962626099586487,
      0.9921417832374573,
      0.9822970032691956,
      0.9645605087280273,
      0.9440782070159912,
      0.8977958559989929,
      0.8082032203674316,
      0.6760498881340027,
      0.7181887626647949
    ],
    [
      0.6134446263313293,
      0.6097462177276611,
      0.6651142835617065,
      0.7348148822784424,
      0.8051282167434692,
      0.8446370959281921,
      0.868453323841095,
      0.9966456294059753,
      0.9988289475440979,
      0.9991028904914856,
      0.9996963739395142,
      0.9995920062065125,
      1.0,
      0.9996684789657593,
      0.9991565942764282,
      0.9986789226531982,
      0.9971170425415039,
      0.9927914142608643,
      0.982625424861908,
      0.9663107395172119,
      0.9462323188781738,
      0.901449978351593,
      0.810507595539093,
      0.6750386953353882,
      0.7102608680725098
    ],
    [
      0.6190077662467957,
      0.6153445243835449,
      0.6716377139091492,
      0.7420440912246704,
      0.8140779733657837,
      0.8542312979698181,
      0.87769615650177,
      0.9947315454483032,
      0.997625470161438,
      0.9980471134185791,
      0.9991229772567749,
      0.9989215731620789,
      0.9996684789657593,
      1.0,
      0.9996812343597412,
      0.9994361400604248,
      0.9979023337364197,
      0.9937975406646729,
      0.9837509393692017,
      0.9687291383743286,
      0.9484875202178955,
      0.9042952656745911,
      0.8117617964744568,
      0.674480140209198,
      0.7085548639297485
    ],
    [
      0.6215983629226685,
      0.6174246668815613,
      0.6735151410102844,
      0.7436382174491882,
      0.8150113821029663,
      0.8536493182182312,
      0.8773872256278992,
      0.9939911365509033,
      0.9968034029006958,
      0.9970727562904358,
      0.9983362555503845,
      0.9983280301094055,
      0.9991565942764282,
      0.9996812343597412,
      1.0,
      0.9996904730796814,
      0.9984028935432434,
      0.9941350221633911,
      0.9841042160987854,
      0.9693279266357422,
      0.9491824507713318,
      0.9050552248954773,
      0.8132387399673462,
      0.6761175990104675,
      0.7083553075790405
    ],
    [
      0.6337085962295532,
      0.6296488642692566,
      0.6856112480163574,
      0.7548031806945801,
      0.8244041204452515,
      0.860081672668457,
      0.8826853036880493,
      0.9926002621650696,
      0.9957875609397888,
      0.9963611364364624,
      0.9978062510490417,
      0.9975313544273376,
      0.9986789226531982,
      0.9994361400604248,
      0.9996904730796814,
      1.0,
      0.9990376830101013,
      0.9954999089241028,
      0.9861887693405151,
      0.9726126194000244,
      0.9532210826873779,
      0.9104843735694885,
      0.8194597959518433,
      0.6824070811271667,
      0.7130696773529053
    ],
    [
      0.6440913677215576,
      0.6397579312324524,
      0.6931692957878113,
      0.7599011659622192,
      0.8238271474838257,
      0.8549651503562927,
      0.8771491050720215,
      0.9916260242462158,
      0.9944672584533691,
      0.9952248334884644,
      0.9962730407714844,
      0.9962626099586487,
      0.9971170425415039,
      0.9979023337364197,
      0.9984028935432434,
      0.9990376830101013,
      1.0,
      0.9982457756996155,
      0.991362452507019,
      0.9774439334869385,
      0.9585630893707275,
      0.9148935079574585,
      0.8278737664222717,
      0.6965123414993286,
      0.7290893197059631
    ],
    [
      0.6658802032470703,
      0.6621506214141846,
      0.7122772336006165,
      0.7749041318893433,
      0.8307963609695435,
      0.8561931252479553,
      0.8758494853973389,
      0.986998975276947,
      0.9900020360946655,
      0.9914538860321045,
      0.9921489357948303,
      0.9921417832374573,
      0.9927914142608643,
      0.9937975406646729,
      0.9941350221633911,
      0.9954999089241028,
      0.9982457756996155,
      1.0,
      0.9966064691543579,
      0.9841073155403137,
      0.9663640260696411,
      0.9231155514717102,
      0.8393803238868713,
      0.7140593528747559,
      0.7544066905975342
    ],
    [
      0.6907693147659302,
      0.6874493360519409,
      0.7312832474708557,
      0.7874859571456909,
      0.8295844197273254,
      0.8461543917655945,
      0.8635525703430176,
      0.9773039817810059,
      0.9801218509674072,
      0.9822602272033691,
      0.9821914434432983,
      0.9822970032691956,
      0.982625424861908,
      0.9837509393692017,
      0.9841042160987854,
      0.9861887693405151,
      0.991362452507019,
      0.9966064691543579,
      1.0,
      0.9897333979606628,
      0.973293662071228,
      0.9291766285896301,
      0.8498507142066956,
      0.7344380021095276,
      0.77662193775177
    ],
    [
      0.7151877880096436,
      0.7152624726295471,
      0.7599087953567505,
      0.8120148777961731,
      0.8472360372543335,
      0.8535177111625671,
      0.8698557615280151,
      0.9569658041000366,
      0.9610888957977295,
      0.9639952182769775,
      0.9652906656265259,
      0.9645605087280273,
      0.9663107395172119,
      0.9687291383743286,
      0.9693279266357422,
      0.9726126194000244,
      0.9774439334869385,
      0.9841073155403137,
      0.9897333979606628,
      1.0,
      0.9905834197998047,
      0.9554322957992554,
      0.863516628742218,
      0.7326158881187439,
      0.7792516350746155
    ],
    [
      0.7487145066261292,
      0.7496532797813416,
      0.7893645167350769,
      0.8332281112670898,
      0.852719783782959,
      0.8408626317977905,
      0.8530569076538086,
      0.9359239339828491,
      0.9400991201400757,
      0.943962574005127,
      0.9452797770500183,
      0.9440782070159912,
      0.9462323188781738,
      0.9484875202178955,
      0.9491824507713318,
      0.9532210826873779,
      0.9585630893707275,
      0.9663640260696411,
      0.973293662071228,
      0.9905834197998047,
      1.0,
      0.9802688956260681,
      0.9022062420845032,
      0.7742584347724915,
      0.7786028981208801
    ],
    [
      0.771543562412262,
      0.7725293636322021,
      0.8129519820213318,
      0.8506166934967041,
      0.8650105595588684,
      0.8359249234199524,
      0.8418241143226624,
      0.8858646750450134,
      0.8919760584831238,
      0.8976970314979553,
      0.8999562859535217,
      0.8977958559989929,
      0.901449978351593,
      0.9042952656745911,
      0.9050552248954773,
      0.9104843735694885,
      0.9148935079574585,
      0.9231155514717102,
      0.9291766285896301,
      0.9554322957992554,
      0.9802688956260681,
      1.0,
      0.951870322227478,
      0.8246657848358154,
      0.7487452030181885
    ],
    [
      0.7834370732307434,
      0.7780471444129944,
      0.8007165789604187,
      0.8187618255615234,
      0.8009824156761169,
      0.7380796074867249,
      0.7361470460891724,
      0.7986223697662354,
      0.8024753332138062,
      0.8097346425056458,
      0.8094252347946167,
      0.8082032203674316,
      0.810507595539093,
      0.8117617964744568,
      0.8132387399673462,
      0.8194597959518433,
      0.8278737664222717,
      0.8393803238868713,
      0.8498507142066956,
      0.863516628742218,
      0.9022062420845032,
      0.951870322227478,
      1.0,
      0.9470627903938293,
      0.7358778119087219
    ],
    [
      0.7472478151321411,
      0.7368059158325195,
      0.7293235659599304,
      0.7222900390625,
      0.6597908735275269,
      0.573794424533844,
      0.5650508403778076,
      0.6715976595878601,
      0.6713874340057373,
      0.6793322563171387,
      0.6753993630409241,
      0.6760498881340027,
      0.6750386953353882,
      0.674480140209198,
      0.6761175990104675,
      0.6824070811271667,
      0.6965123414993286,
      0.7140593528747559,
      0.7344380021095276,
      0.7326158881187439,
      0.7742584347724915,
      0.8246657848358154,
      0.9470627903938293,
      1.0,
      0.7325475811958313
    ],
    [
      0.5797199606895447,
      0.5769069194793701,
      0.5740503668785095,
      0.575590193271637,
      0.5369729399681091,
      0.5070090889930725,
      0.5086270570755005,
      0.7238779664039612,
      0.7159027457237244,
      0.7200714349746704,
      0.7143077850341797,
      0.7181887626647949,
      0.7102608680725098,
      0.7085548639297485,
      0.7083553075790405,
      0.7130696773529053,
      0.7290893197059631,
      0.7544066905975342,
      0.77662193775177,
      0.7792516350746155,
      0.7786028981208801,
      0.7487452030181885,
      0.7358778119087219,
      0.7325475811958313,
      1.0
    ]
  ],
  "decoder_lss_p_values": [
    0.108,
    0.109,
    0.109,
    0.115,
    0.117,
    0.171,
    0.193,
    0.373,
    0.358,
    0.336,
    0.337,
    0.327,
    0.313,
    0.302,
    0.291,
    0.283,
    0.268,
    0.265,
    0.26,
    0.257,
    0.274,
    0.223,
    0.195,
    0.164,
    0.425
  ],
  "decoder_significant_layers": [],
  "decoder_bonferroni_alpha": 0.002,
  "encoder_lss": [
    0.2920991975814104,
    0.2626401469903067,
    0.25433800771133974,
    0.23821197110810316,
    0.2204486800916493,
    0.1771090364578049,
    0.17685140261302876,
    0.16610147287643484,
    0.1242869406178761,
    0.12421350839915249,
    0.12414425755778212,
    0.12406616732117981,
    0.123978262535893,
    0.12386891446596565,
    0.12374723014090705,
    0.1235938814788824,
    0.12344961582701217,
    0.1232533609053644,
    0.12307880941240001,
    0.12293746337876654,
    0.12277129118185257,
    0.1226105459741666,
    0.12262343415612123,
    0.12280655991897219,
    0.2140514873387292
  ],
  "encoder_lss_per_religion": {
    "Christian": [
      0.2903359504044056,
      0.23231382125988603,
      0.2247888620290905,
      0.21116108305752276,
      0.1960889418888837,
      0.15402107944479212,
      0.1537943418265786,
      0.14419094165205024,
      0.10639899815432727,
      0.10633070615818724,
      0.10626887823455036,
      0.10620208564039785,
      0.10613634613633621,
      0.1060459399264073,
      0.10594865095510614,
      0.10582073320634663,
      0.10569464557571337,
      0.10554097100743093,
      0.10542296416824684,
      0.10532589575101156,
      0.10518265811610035,
      0.10501578498398885,
      0.10498303908738307,
      0.10510082052322105,
      0.2083681920915842
    ],
    "Hindu": [
      0.27823268733918666,
      0.20941554646007718,
      0.20120150641538204,
      0.18814684219658376,
      0.1739332066755742,
      0.14601655238890088,
      0.14579260038590292,
      0.1359054407043732,
      0.09679285287900712,
      0.09675213107009767,
      0.09670322981270146,
      0.09665199904964539,
      0.09659377963020234,
      0.09652071785589214,
      0.09643799853947713,
      0.09632816005076165,
      0.09623240313187126,
      0.09610935960779898,
      0.09598654995759716,
      0.09591652534058084,
      0.09583537286176579,
      0.09580211239692289,
      0.0958703696419252,
      0.09612948573194444,
      0.19579651787877084
    ],
    "Muslim": [
      0.2645687011629343,
      0.21210796975530685,
      0.2058640210609883,
      0.1924140431219712,
      0.17763523377478121,
      0.14776589672648696,
      0.14754700996621978,
      0.13812019369288464,
      0.10160118340754706,
      0.1015474258075119,
      0.10149423198992735,
      0.10143523681312218,
      0.10136250352778006,
      0.10127716253613471,
      0.10119406511817942,
      0.10107997685277952,
      0.10097817356028826,
      0.10085641325509641,
      0.10072972727095475,
      0.10064149256417294,
      0.10053303406079067,
      0.10047280984872486,
      0.1005594962585019,
      0.10076982559985481,
      0.19333805469796062
    ],
    "Sikh": [
      0.33525945141911506,
      0.3967232504859567,
      0.3854976413398981,
      0.361125916056335,
      0.33413733802735807,
      0.26063261727103965,
      0.26027165827341375,
      0.24618931545643136,
      0.19235472803062292,
      0.19222377056081313,
      0.19211069019394927,
      0.19197534778155387,
      0.19182042084925344,
      0.19163183754542842,
      0.19140820595086552,
      0.19114665580564177,
      0.19089324104017577,
      0.19050669975113124,
      0.19017599625280127,
      0.18986593985930086,
      0.18953409968875348,
      0.18915147666702978,
      0.1890808316366747,
      0.1892261078208685,
      0.25870318468660114
    ]
  },
  "encoder_lbs": [
    5.6356730461120605,
    1324.9512939453125,
    2724.230224609375,
    3955.039794921875,
    4788.1162109375,
    11416492.0,
    11447647.0,
    13033206.0,
    41292400.0,
    41314120.0,
    41362028.0,
    41377048.0,
    41376060.0,
    41381072.0,
    41403480.0,
    41456920.0,
    41475272.0,
    41489256.0,
    41491136.0,
    41523368.0,
    41502468.0,
    41461936.0,
    41431136.0,
    41445400.0,
    0.0026706221979111433
  ],
  "encoder_cka_intra": [
    [
      1.0,
      0.2334197461605072,
      0.2161475121974945,
      0.2113550901412964,
      0.20624710619449615,
      0.0645378902554512,
      0.06471273303031921,
      0.07422735542058945,
      0.2278810739517212,
      0.22798128426074982,
      0.22810836136341095,
      0.22818873822689056,
      0.22838565707206726,
      0.22851015627384186,
      0.22866512835025787,
      0.22882816195487976,
      0.22904175519943237,
      0.2290729582309723,
      0.22925040125846863,
      0.2295055389404297,
      0.22984157502651215,
      0.2298562079668045,
      0.23094728589057922,
      0.23111356794834137,
      0.9324162006378174
    ],
    [
      0.2334197461605072,
      1.0,
      0.9989678859710693,
      0.9980660676956177,
      0.9960820078849792,
      0.3915482461452484,
      0.3917091488838196,
      0.3961559236049652,
      0.3730625510215759,
      0.37304243445396423,
      0.37300044298171997,
      0.37299874424934387,
      0.37297940254211426,
      0.37296199798583984,
      0.3728983402252197,
      0.3728587329387665,
      0.37279772758483887,
      0.37271854281425476,
      0.3726135194301605,
      0.3725374937057495,
      0.37247470021247864,
      0.3724907338619232,
      0.37246450781822205,
      0.3726034462451935,
      0.19657041132450104
    ],
    [
      0.2161475121974945,
      0.9989678859710693,
      1.0,
      0.9997709393501282,
      0.998345136642456,
      0.4002266228199005,
      0.4003957509994507,
      0.4051109552383423,
      0.38053667545318604,
      0.38051456212997437,
      0.38046959042549133,
      0.3804667294025421,
      0.38044410943984985,
      0.3804248869419098,
      0.38035887479782104,
      0.38031578063964844,
      0.3802521526813507,
      0.3801730275154114,
      0.3800656199455261,
      0.37998658418655396,
      0.3799186050891876,
      0.37993407249450684,
      0.3798886239528656,
      0.38002195954322815,
      0.18151602149009705
    ],
    [
      0.2113550901412964,
      0.9980660676956177,
      0.9997709393501282,
      1.0,
      0.998940646648407,
      0.4049852192401886,
      0.4051600694656372,
      0.41010624170303345,
      0.385725736618042,
      0.3857037425041199,
      0.3856581449508667,
      0.3856551945209503,
      0.38563209772109985,
      0.3856127858161926,
      0.38554778695106506,
      0.3855045437812805,
      0.3854409158229828,
      0.38536354899406433,
      0.3852580785751343,
      0.3851798176765442,
      0.38511234521865845,
      0.38512811064720154,
      0.38507965207099915,
      0.38520950078964233,
      0.1778252124786377
    ],
    [
      0.20624710619449615,
      0.9960820078849792,
      0.998345136642456,
      0.998940646648407,
      1.0,
      0.43233057856559753,
      0.4324836730957031,
      0.43645793199539185,
      0.4032098650932312,
      0.4031830430030823,
      0.4031316339969635,
      0.4031250476837158,
      0.4030953049659729,
      0.4030715823173523,
      0.40299949049949646,
      0.40294915437698364,
      0.40287765860557556,
      0.40280091762542725,
      0.4026907980442047,
      0.40260493755340576,
      0.40252670645713806,
      0.4025460183620453,
      0.4024633467197418,
      0.4025877118110657,
      0.17691917717456818
    ],
    [
      0.0645378902554512,
      0.3915482461452484,
      0.4002266228199005,
      0.4049852192401886,
      0.43233057856559753,
      0.0,
      0.0,
      0.0,
      0.0,
      0.0,
      0.0,
      0.0,
      0.0,
      0.0,
      0.0,
      0.0,
      0.0,
      0.0,
      0.0,
      0.0,
      0.0,
      0.0,
      0.0,
      0.0,
      0.10586405545473099
    ],
    [
      0.06471273303031921,
      0.3917091488838196,
      0.4003957509994507,
      0.4051600694656372,
      0.4324836730957031,
      0.0,
      0.0,
      0.0,
      0.0,
      0.0,
      0.0,
      0.0,
      0.0,
      0.0,
      0.0,
      0.0,
      0.0,
      0.0,
      0.0,
      0.0,
      0.0,
      0.0,
      0.0,
      0.0,
      0.10606572777032852
    ],
    [
      0.07422735542058945,
      0.3961559236049652,
      0.4051109552383423,
      0.41010624170303345,
      0.43645793199539185,
      0.0,
      0.0,
      0.0,
      0.0,
      0.0,
      0.0,
      0.0,
      0.0,
      0.0,
      0.0,
      0.0,
      0.0,
      0.0,
      0.0,
      0.0,
      0.0,
      0.0,
      0.0,
      0.0,
      0.11650557070970535
    ],
    [
      0.2278810739517212,
      0.3730625510215759,
      0.38053667545318604,
      0.385725736618042,
      0.4032098650932312,
      0.0,
      0.0,
      0.0,
      0.0,
      0.0,
      0.0,
      0.0,
      0.0,
      0.0,
      0.0,
      0.0,
      0.0,
      0.0,
      0.0,
      0.0,
      0.0,
      0.0,
      0.0,
      0.0,
      0.2686809301376343
    ],
    [
      0.22798128426074982,
      0.37304243445396423,
      0.38051456212997437,
      0.3857037425041199,
      0.4031830430030823,
      0.0,
      0.0,
      0.0,
      0.0,
      0.0,
      0.0,
      0.0,
      0.0,
      0.0,
      0.0,
      0.0,
      0.0,
      0.0,
      0.0,
      0.0,
      0.0,
      0.0,
      0.0,
      0.0,
      0.26877832412719727
    ],
    [
      0.22810836136341095,
      0.37300044298171997,
      0.38046959042549133,
      0.3856581449508667,
      0.4031316339969635,
      0.0,
      0.0,
      0.0,
      0.0,
      0.0,
      0.0,
      0.0,
      0.0,
      0.0,
      0.0,
      0.0,
      0.0,
      0.0,
      0.0,
      0.0,
      0.0,
      0.0,
      0.0,
      0.0,
      0.2689017951488495
    ],
    [
      0.22818873822689056,
      0.37299874424934387,
      0.3804667294025421,
      0.3856551945209503,
      0.4031250476837158,
      0.0,
      0.0,
      0.0,
      0.0,
      0.0,
      0.0,
      0.0,
      0.0,
      0.0,
      0.0,
      0.0,
      0.0,
      0.0,
      0.0,
      0.0,
      0.0,
      0.0,
      0.0,
      0.0,
      0.2689794898033142
    ],
    [
      0.22838565707206726,
      0.37297940254211426,
      0.38044410943984985,
      0.38563209772109985,
      0.4030953049659729,
      0.0,
      0.0,
      0.0,
      0.0,
      0.0,
      0.0,
      0.0,
      0.0,
      0.0,
      0.0,
      0.0,
      0.0,
      0.0,
      0.0,
      0.0,
      0.0,
      0.0,
      0.0,
      0.0,
      0.2691715657711029
    ],
    [
      0.22851015627384186,
      0.37296199798583984,
      0.3804248869419098,
      0.3856127858161926,
      0.4030715823173523,
      0.0,
      0.0,
      0.0,
      0.0,
      0.0,
      0.0,
      0.0,
      0.0,
      0.0,
      0.0,
      0.0,
      0.0,
      0.0,
      0.0,
      0.0,
      0.0,
      0.0,
      0.0,
      0.0,
      0.26929426193237305
    ],
    [
      0.22866512835025787,
      0.3728983402252197,
      0.38035887479782104,
      0.38554778695106506,
      0.40299949049949646,
      0.0,
      0.0,
      0.0,
      0.0,
      0.0,
      0.0,
      0.0,
      0.0,
      0.0,
      0.0,
      0.0,
      0.0,
      0.0,
      0.0,
      0.0,
      0.0,
      0.0,
      0.0,
      0.0,
      0.26944875717163086
    ],
    [
      0.22882816195487976,
      0.3728587329387665,
      0.38031578063964844,
      0.3855045437812805,
      0.40294915437698364,
      0.0,
      0.0,
      0.0,
      0.0,
      0.0,
      0.0,
      0.0,
      0.0,
      0.0,
      0.0,
      0.0,
      0.0,
      0.0,
      0.0,
      0.0,
      0.0,
      0.0,
      0.0,
      0.0,
      0.2696061432361603
    ],
    [
      0.22904175519943237,
      0.37279772758483887,
      0.3802521526813507,
      0.3854409158229828,
      0.40287765860557556,
      0.0,
      0.0,
      0.0,
      0.0,
      0.0,
      0.0,
      0.0,
      0.0,
      0.0,
      0.0,
      0.0,
      0.0,
      0.0,
      0.0,
      0.0,
      0.0,
      0.0,
      0.0,
      0.0,
      0.26981866359710693
    ],
    [
      0.2290729582309723,
      0.37271854281425476,
      0.3801730275154114,
      0.38536354899406433,
      0.40280091762542725,
      0.0,
      0.0,
      0.0,
      0.0,
      0.0,
      0.0,
      0.0,
      0.0,
      0.0,
      0.0,
      0.0,
      0.0,
      0.0,
      0.0,
      0.0,
      0.0,
      0.0,
      0.0,
      0.0,
      0.2698567509651184
    ],
    [
      0.22925040125846863,
      0.3726135194301605,
      0.3800656199455261,
      0.3852580785751343,
      0.4026907980442047,
      0.0,
      0.0,
      0.0,
      0.0,
      0.0,
      0.0,
      0.0,
      0.0,
      0.0,
      0.0,
      0.0,
      0.0,
      0.0,
      0.0,
      0.0,
      0.0,
      0.0,
      0.0,
      0.0,
      0.27003979682922363
    ],
    [
      0.2295055389404297,
      0.3725374937057495,
      0.37998658418655396,
      0.3851798176765442,
      0.40260493755340576,
      0.0,
      0.0,
      0.0,
      0.0,
      0.0,
      0.0,
      0.0,
      0.0,
      0.0,
      0.0,
      0.0,
      0.0,
      0.0,
      0.0,
      0.0,
      0.0,
      0.0,
      0.0,
      0.0,
      0.2702961564064026
    ],
    [
      0.22984157502651215,
      0.37247470021247864,
      0.3799186050891876,
      0.38511234521865845,
      0.40252670645713806,
      0.0,
      0.0,
      0.0,
      0.0,
      0.0,
      0.0,
      0.0,
      0.0,
      0.0,
      0.0,
      0.0,
      0.0,
      0.0,
      0.0,
      0.0,
      0.0,
      0.0,
      0.0,
      0.0,
      0.27062514424324036
    ],
    [
      0.2298562079668045,
      0.3724907338619232,
      0.37993407249450684,
      0.38512811064720154,
      0.4025460183620453,
      0.0,
      0.0,
      0.0,
      0.0,
      0.0,
      0.0,
      0.0,
      0.0,
      0.0,
      0.0,
      0.0,
      0.0,
      0.0,
      0.0,
      0.0,
      0.0,
      0.0,
      0.0,
      0.0,
      0.27065038681030273
    ],
    [
      0.23094728589057922,
      0.37246450781822205,
      0.3798886239528656,
      0.38507965207099915,
      0.4024633467197418,
      0.0,
      0.0,
      0.0,
      0.0,
      0.0,
      0.0,
      0.0,
      0.0,
      0.0,
      0.0,
      0.0,
      0.0,
      0.0,
      0.0,
      0.0,
      0.0,
      0.0,
      0.0,
      0.0,
      0.27170923352241516
    ],
    [
      0.23111356794834137,
      0.3726034462451935,
      0.38002195954322815,
      0.38520950078964233,
      0.4025877118110657,
      0.0,
      0.0,
      0.0,
      0.0,
      0.0,
      0.0,
      0.0,
      0.0,
      0.0,
      0.0,
      0.0,
      0.0,
      0.0,
      0.0,
      0.0,
      0.0,
      0.0,
      0.0,
      0.0,
      0.27184876799583435
    ],
    [
      0.9324162006378174,
      0.19657041132450104,
      0.18151602149009705,
      0.1778252124786377,
      0.17691917717456818,
      0.10586405545473099,
      0.10606572777032852,
      0.11650557070970535,
      0.2686809301376343,
      0.26877832412719727,
      0.2689017951488495,
      0.2689794898033142,
      0.2691715657711029,
      0.26929426193237305,
      0.26944875717163086,
      0.2696061432361603,
      0.26981866359710693,
      0.2698567509651184,
      0.27003979682922363,
      0.2702961564064026,
      0.27062514424324036,
      0.27065038681030273,
      0.27170923352241516,
      0.27184876799583435,
      1.0
    ]
  ],
  "encoder_lss_p_values": [
    1.0,
    0.998,
    0.988,
    0.983,
    0.982,
    0.986,
    0.986,
    0.987,
    0.993,
    0.993,
    0.993,
    0.993,
    0.993,
    0.993,
    0.993,
    0.993,
    0.993,
    0.993,
    0.993,
    0.993,
    0.993,
    0.993,
    0.993,
    0.993,
    0.971
  ],
  "encoder_significant_layers": [],
  "encoder_bonferroni_alpha": 0.002
}